 Time  pos_drone.x  pos_drone.y  pos_drone.z  vel_drone.x  vel_drone.y  vel_drone.z  yaw_laser 
0.000244288  0  0  0  0  0  0  0  
0.0200863  0  0  0  0  0  0  0  
0.0400871  0  0  0  0  0  0  0  
0.0600804  0  0  0  0  0  0  0  
0.0801171  0  0  0  0  0  0  0  
0.100086  0  0  0  0  0  0  0  
0.120098  0  0  0  0  0  0  0  
0.140162  0  0  0  0  0  0  0  
0.160115  0  0  0  0  0  0  0  
0.180134  0  0  0  0  0  0  0  
0.200133  0  0  0  0  0  0  0  
0.220104  0  0  0  0  0  0  0  
0.240118  0  0  0  0  0  0  0  
0.260138  0  0  0  0  0  0  0  
0.280131  0  0  0  0  0  0  0  
0.300121  0  0  0  0  0  0  0  
0.320126  0  0  0  0  0  0  0  
0.340126  0  0  0  0  0  0  0  
0.360138  0  0  0  0  0  0  0  
0.380108  0  0  0  0  0  0  0  
0.400127  0  0  0  0  0  0  0  
0.420099  0  0  0  0  0  0  0  
0.44014  0  0  0  0  0  0  0  
0.460125  0  0  0  0  0  0  0  
0.480117  0  0  0  0  0  0  0  
0.50026  0  0  0  0  0  0  0  
0.520191  0  0  0  0  0  0  0  
0.540151  0  0  0  0  0  0  0  
0.560105  0  0  0  0  0  0  0  
0.580099  0  0  0  0  0  0  0  
0.600106  0  0  0  0  0  0  0  
0.620138  0  0  0  0  0  0  0  
0.640203  0  0  0  0  0  0  0  
0.660106  0  0  0  0  0  0  0  
0.680096  0  0  0  0  0  0  0  
0.700118  0  0  0  0  0  0  0  
0.720117  0  0  0  0  0  0  0  
0.740118  0  0  0  0  0  0  0  
0.76011  0  0  0  0  0  0  0  
0.780179  0  0  0  0  0  0  0  
0.800102  0  0  0  0  0  0  0  
0.820108  0  0  0  0  0  0  0  
0.840122  0  0  0  0  0  0  0  
0.860116  0  0  0  0  0  0  0  
0.880104  0  0  0  0  0  0  0  
0.900109  0  0  0  0  0  0  0  
0.920097  0  0  0  0  0  0  0  
0.940126  0  0  0  0  0  0  0  
0.96011  0  0  0  0  0  0  0  
0.980109  0  0  0  0  0  0  0  
1.0002  0  0  0  0  0  0  0  
1.02011  0  0  0  0  0  0  0  
1.04011  0  0  0  0  0  0  0  
1.06012  0  0  0  0  0  0  0  
1.0801  0  0  0  0  0  0  0  
1.1001  0  0  0  0  0  0  0  
1.1201  0  0  0  0  0  0  0  
1.1401  0  0  0  0  0  0  0  
1.16012  0  0  0  0  0  0  0  
1.18009  0  0  0  0  0  0  0  
1.20012  0  0  0  0  0  0  0  
1.2201  0  0  0  0  0  0  0  
1.24011  0  0  0  0  0  0  0  
1.26009  0  0  0  0  0  0  0  
1.28011  0  0  0  0  0  0  0  
1.30013  0  0  0  0  0  0  0  
1.32069  0  0  0  0  0  0  0  
1.34009  0  0  0  0  0  0  0  
1.36011  0  0  0  0  0  0  0  
1.38012  0  0  0  0  0  0  0  
1.40015  0  0  0  0  0  0  0  
1.42012  0  0  0  0  0  0  0  
1.44011  0  0  0  0  0  0  0  
1.46011  0  0  0  0  0  0  0  
1.48014  0  0  0  0  0  0  0  
1.50016  0  0  0  0  0  0  0  
1.52014  0  0  0  0  0  0  0  
1.54011  0  0  0  0  0  0  0  
1.56014  0  0  0  0  0  0  0  
1.58009  0  0  0  0  0  0  0  
1.60009  0  0  0  0  0  0  0  
1.62011  0  0  0  0  0  0  0  
1.64013  0  0  0  0  0  0  0  
1.6601  0  0  0  0  0  0  0  
1.6801  0  0  0  0  0  0  0  
1.70008  0  0  0  0  0  0  0  
1.72016  0  0  0  0  0  0  0  
1.74009  0  0  0  0  0  0  0  
1.7601  0  0  0  0  0  0  0  
1.78011  0  0  0  0  0  0  0  
1.80011  0  0  0  0  0  0  0  
1.82011  0  0  0  0  0  0  0  
1.84011  0  0  0  0  0  0  0  
1.86012  0  0  0  0  0  0  0  
1.88013  0  0  0  0  0  0  0  
1.9002  0  0  0  0  0  0  0  
1.92013  0  0  0  0  0  0  0  
1.9401  0  0  0  0  0  0  0  
1.9601  0  0  0  0  0  0  0  
1.98012  0  0  0  0  0  0  0  
2.00011  0  0  0  0  0  0  0  
2.02013  0  0  0  0  0  0  0  
2.0401  0  0  0  0  0  0  0  
2.06011  0  0  0  0  0  0  0  
2.08014  0  0  0  0  0  0  0  
2.1001  0  0  0  0  0  0  0  
2.12009  0  0  0  0  0  0  0  
2.14011  0  0  0  0  0  0  0  
2.16012  0  0  0  0  0  0  0  
2.18011  0  0  0  0  0  0  0  
2.20016  0  0  0  0  0  0  0  
2.22009  0  0  0  0  0  0  0  
2.2401  0  0  0  0  0  0  0  
2.26011  0  0  0  0  0  0  0  
2.28009  0  0  0  0  0  0  0  
2.30011  0  0  0  0  0  0  0  
2.32008  0  0  0  0  0  0  0  
2.34009  0  0  0  0  0  0  0  
2.3601  0  0  0  0  0  0  0  
2.38011  0  0  0  0  0  0  0  
2.4001  0  0  0  0  0  0  0  
2.42011  0  0  0  0  0  0  0  
2.4401  0  0  0  0  0  0  0  
2.46012  0  0  0  0  0  0  0  
2.4801  0  0  0  0  0  0  0  
2.50012  0  0  0  0  0  0  0  
2.52013  0  0  0  0  0  0  0  
2.54011  0  0  0  0  0  0  0  
2.56013  0  0  0  0  0  0  0  
2.58012  0  0  0  0  0  0  0  
2.60011  0  0  0  0  0  0  0  
2.62012  0  0  0  0  0  0  0  
2.64013  0  0  0  0  0  0  0  
2.66009  0  0  0  0  0  0  0  
2.68012  0  0  0  0  0  0  0  
2.70011  0  0  0  0  0  0  0  
2.72013  0  0  0  0  0  0  0  
2.74012  0  0  0  0  0  0  0  
2.7601  0  0  0  0  0  0  0  
2.78014  0  0  0  0  0  0  0  
2.80014  0  0  0  0  0  0  0  
2.82009  0  0  0  0  0  0  0  
2.8401  0  0  0  0  0  0  0  
2.86012  0  0  0  0  0  0  0  
2.88012  0  0  0  0  0  0  0  
2.90011  0  0  0  0  0  0  0  
2.92009  0  0  0  0  0  0  0  
2.94015  0  0  0  0  0  0  0  
2.96009  0  0  0  0  0  0  0  
2.98011  0  0  0  0  0  0  0  
3.00012  0  0  0  0  0  0  0  
3.0201  0  0  0  0  0  0  0  
3.04015  0  0  0  0  0  0  0  
3.0601  0  0  0  0  0  0  0  
3.08012  0  0  0  0  0  0  0  
3.10015  0  0  0  0  0  0  0  
3.12014  0  0  0  0  0  0  0  
3.14013  0  0  0  0  0  0  0  
3.16011  0  0  0  0  0  0  0  
3.18017  0  0  0  0  0  0  0  
3.20015  0  0  0  0  0  0  0  
3.22012  0  0  0  0  0  0  0  
3.24011  0  0  0  0  0  0  0  
3.26012  0  0  0  0  0  0  0  
3.28013  0  0  0  0  0  0  0  
3.30011  0  0  0  0  0  0  0  
3.32011  0  0  0  0  0  0  0  
3.3401  0  0  0  0  0  0  0  
3.36012  0  0  0  0  0  0  0  
3.3801  0  0  0  0  0  0  0  
3.40019  0  0  0  0  0  0  0  
3.42012  0  0  0  0  0  0  0  
3.44012  0  0  0  0  0  0  0  
3.46011  0  0  0  0  0  0  0  
3.48009  0  0  0  0  0  0  0  
3.50013  0  0  0  0  0  0  0  
3.5201  0  0  0  0  0  0  0  
3.5401  0  0  0  0  0  0  0  
3.5603  0  0  0  0  0  0  0  
3.58011  0  0  0  0  0  0  0  
3.60013  0  0  0  0  0  0  0  
3.6201  0  0  0  0  0  0  0  
3.64009  0  0  0  0  0  0  0  
3.6601  0  0  0  0  0  0  0  
3.6801  0  0  0  0  0  0  0  
3.70011  0  0  0  0  0  0  0  
3.72011  0  0  0  0  0  0  0  
3.7401  0  0  0  0  0  0  0  
3.76009  0  0  0  0  0  0  0  
3.78011  0  0  0  0  0  0  0  
3.80017  0  0  0  0  0  0  0  
3.8201  0  0  0  0  0  0  0  
3.8401  0  0  0  0  0  0  0  
3.86012  0  0  0  0  0  0  0  
3.88009  0  0  0  0  0  0  0  
3.90011  0  0  0  0  0  0  0  
3.9201  0  0  0  0  0  0  0  
3.94014  0  0  0  0  0  0  0  
3.96011  0  0  0  0  0  0  0  
3.98012  0  0  0  0  0  0  0  
4.00009  0  0  0  0  0  0  0  
4.02011  0  0  0  0  0  0  0  
4.0401  0  0  0  0  0  0  0  
4.0601  0  0  0  0  0  0  0  
4.08012  0  0  0  0  0  0  0  
4.10011  0  0  0  0  0  0  0  
4.12013  0  0  0  0  0  0  0  
4.14011  0  0  0  0  0  0  0  
4.16013  0  0  0  0  0  0  0  
4.1801  0  0  0  0  0  0  0  
4.20012  0  0  0  0  0  0  0  
4.22012  0  0  0  0  0  0  0  
4.24011  0  0  0  0  0  0  0  
4.26021  0  0  0  0  0  0  0  
4.28013  0  0  0  0  0  0  0  
4.30011  0  0  0  0  0  0  0  
4.32015  0  0  0  0  0  0  0  
4.34012  0  0  0  0  0  0  0  
4.36012  0  0  0  0  0  0  0  
4.38009  0  0  0  0  0  0  0  
4.40015  0  0  0  0  0  0  0  
4.42025  0  0  0  0  0  0  0  
4.44013  0  0  0  0  0  0  0  
4.46013  0  0  0  0  0  0  0  
4.48011  0  0  0  0  0  0  0  
4.50012  0  0  0  0  0  0  0  
4.52011  0  0  0  0  0  0  0  
4.54016  0  0  0  0  0  0  0  
4.56023  0  0  0  0  0  0  0  
4.5801  0  0  0  0  0  0  0  
4.60011  0  0  0  0  0  0  0  
4.62012  0  0  0  0  0  0  0  
4.64013  0  0  0  0  0  0  0  
4.6601  0  0  0  0  0  0  0  
4.68015  0  0  0  0  0  0  0  
4.70015  0  0  0  0  0  0  0  
4.7201  0  0  0  0  0  0  0  
4.7401  0  0  0  0  0  0  0  
4.76009  0  0  0  0  0  0  0  
4.78014  0  0  0  0  0  0  0  
4.80009  0  0  0  0  0  0  0  
4.8201  0  0  0  0  0  0  0  
4.84009  0  0  0  0  0  0  0  
4.8601  0  0  0  0  0  0  0  
4.8801  0  0  0  0  0  0  0  
4.90009  0  0  0  0  0  0  0  
4.9201  0  0  0  0  0  0  0  
4.9401  0  0  0  0  0  0  0  
4.96009  0  0  0  0  0  0  0  
4.98012  0  0  0  0  0  0  0  
5.0001  0  0  0  0  0  0  0  
5.02012  0  0  0  0  0  0  0  
5.04012  0  0  0  0  0  0  0  
5.0601  0  0  0  0  0  0  0  
5.08012  0  0  0  0  0  0  0  
5.10011  0  0  0  0  0  0  0  
5.12012  0  0  0  0  0  0  0  
5.14011  0  0  0  0  0  0  0  
5.1601  0  0  0  0  0  0  0  
5.1801  0  0  0  0  0  0  0  
5.20011  0  0  0  0  0  0  0  
5.2201  0  0  0  0  0  0  0  
5.2401  0  0  0  0  0  0  0  
5.2601  0  0  0  0  0  0  0  
5.2801  0  0  0  0  0  0  0  
5.30011  0  0  0  0  0  0  0  
5.32009  0  0  0  0  0  0  0  
5.34009  0  0  0  0  0  0  0  
5.36014  0  0  0  0  0  0  0  
5.38005  0  0  0  0  0  0  0  
5.40011  0  0  0  0  0  0  0  
5.42009  0  0  0  0  0  0  0  
5.44009  0  0  0  0  0  0  0  
5.4601  0  0  0  0  0  0  0  
5.4801  0  0  0  0  0  0  0  
5.50014  0  0  0  0  0  0  0  
5.5201  0  0  0  0  0  0  0  
5.5401  0  0  0  0  0  0  0  
5.56009  0  0  0  0  0  0  0  
5.5801  0  0  0  0  0  0  0  
5.6001  0  0  0  0  0  0  0  
5.6201  0  0  0  0  0  0  0  
5.6401  0  0  0  0  0  0  0  
5.66009  0  0  0  0  0  0  0  
5.6801  0  0  0  0  0  0  0  
5.70009  0  0  0  0  0  0  0  
5.7201  0  0  0  0  0  0  0  
5.7401  0  0  0  0  0  0  0  
5.76009  0  0  0  0  0  0  0  
5.7801  0  0  0  0  0  0  0  
5.80013  0  0  0  0  0  0  0  
5.82012  0  0  0  0  0  0  0  
5.84011  0  0  0  0  0  0  0  
5.86009  0  0  0  0  0  0  0  
5.88057  0  0  0  0  0  0  0  
5.9001  0  0  0  0  0  0  0  
5.92009  0  0  0  0  0  0  0  
5.9401  0  0  0  0  0  0  0  
5.96009  0  0  0  0  0  0  0  
5.98011  0  0  0  0  0  0  0  
6.0001  0  0  0  0  0  0  0  
6.0201  0  0  0  0  0  0  0  
6.04012  0  0  0  0  0  0  0  
6.0601  0  0  0  0  0  0  0  
6.08009  0  0  0  0  0  0  0  
6.10011  0  0  0  0  0  0  0  
6.12012  0  0  0  0  0  0  0  
6.14009  0  0  0  0  0  0  0  
6.16011  0  0  0  0  0  0  0  
6.1801  0  0  0  0  0  0  0  
6.2001  0  0  0  0  0  0  0  
6.22009  0  0  0  0  0  0  0  
6.2401  0  0  0  0  0  0  0  
6.2601  0  0  0  0  0  0  0  
6.28009  0  0  0  0  0  0  0  
6.3001  0  0  0  0  0  0  0  
6.3201  0  0  0  0  0  0  0  
6.34011  0  0  0  0  0  0  0  
6.36009  0  0  0  0  0  0  0  
6.38009  0  0  0  0  0  0  0  
6.40011  0  0  0  0  0  0  0  
6.42009  0  0  0  0  0  0  0  
6.4401  0  0  0  0  0  0  0  
6.4601  0  0  0  0  0  0  0  
6.48011  0  0  0  0  0  0  0  
6.5001  0  0  0  0  0  0  0  
6.52009  0  0  0  0  0  0  0  
6.54011  0  0  0  0  0  0  0  
6.56011  0  0  0  0  0  0  0  
6.58012  0  0  0  0  0  0  0  
6.60013  0  0  0  0  0  0  0  
6.62013  0  0  0  0  0  0  0  
6.64011  0  0  0  0  0  0  0  
6.66016  0  0  0  0  0  0  0  
6.68011  0  0  0  0  0  0  0  
6.7001  0  0  0  0  0  0  0  
6.72011  0  0  0  0  0  0  0  
6.7401  0  0  0  0  0  0  0  
6.76012  0  0  0  0  0  0  0  
6.78011  0  0  0  0  0  0  0  
6.80009  0  0  0  0  0  0  0  
6.82009  0  0  0  0  0  0  0  
6.84009  0  0  0  0  0  0  0  
6.86009  0  0  0  0  0  0  0  
6.8801  0  0  0  0  0  0  0  
6.90012  0  0  0  0  0  0  0  
6.9201  0  0  0  0  0  0  0  
6.94011  0  0  0  0  0  0  0  
6.96011  0  0  0  0  0  0  0  
6.98008  0  0  0  0  0  0  0  
7.0001  0  0  0  0  0  0  0  
7.0201  0  0  0  0  0  0  0  
7.04011  0  0  0  0  0  0  0  
7.06011  0  0  0  0  0  0  0  
7.08011  0  0  0  0  0  0  0  
7.10011  0  0  0  0  0  0  0  
7.12011  0  0  0  0  0  0  0  
7.14014  0  0  0  0  0  0  0  
7.1601  0  0  0  0  0  0  0  
7.18012  0  0  0  0  0  0  0  
7.2001  0  0  0  0  0  0  0  
7.2201  0  0  0  0  0  0  0  
7.24009  0  0  0  0  0  0  0  
7.2601  0  0  0  0  0  0  0  
7.28009  0  0  0  0  0  0  0  
7.3001  0  0  0  0  0  0  0  
7.32014  0  0  0  0  0  0  0  
7.34011  0  0  0  0  0  0  0  
7.3601  0  0  0  0  0  0  0  
7.38012  0  0  0  0  0  0  0  
7.40011  0  0  0  0  0  0  0  
7.42012  0  0  0  0  0  0  0  
7.44011  0  0  0  0  0  0  0  
7.4601  0  0  0  0  0  0  0  
7.48013  0  0  0  0  0  0  0  
7.50011  0  0  0  0  0  0  0  
7.52013  0  0  0  0  0  0  0  
7.54012  0  0  0  0  0  0  0  
7.5601  0  0  0  0  0  0  0  
7.58012  0  0  0  0  0  0  0  
7.60008  0  0  0  0  0  0  0  
7.62008  0  0  0  0  0  0  0  
7.64008  0  0  0  0  0  0  0  
7.66025  0  0  0  0  0  0  0  
7.68008  0  0  0  0  0  0  0  
7.7001  0  0  0  0  0  0  0  
7.72009  0  0  0  0  0  0  0  
7.74009  0  0  0  0  0  0  0  
7.76011  0  0  0  0  0  0  0  
7.7801  0  0  0  0  0  0  0  
7.80011  0  0  0  0  0  0  0  
7.82018  0  0  0  0  0  0  0  
7.84012  0  0  0  0  0  0  0  
7.86014  0  0  0  0  0  0  0  
7.88012  0  0  0  0  0  0  0  
7.90009  0  0  0  0  0  0  0  
7.92011  0  0  0  0  0  0  0  
7.94012  0  0  0  0  0  0  0  
7.96012  0  0  0  0  0  0  0  
7.98009  0  0  0  0  0  0  0  
8.0001  0  0  0  0  0  0  0  
8.02013  0  0  0  0  0  0  0  
8.04011  0  0  0  0  0  0  0  
8.0601  0  0  0  0  0  0  0  
8.0801  0  0  0  0  0  0  0  
8.1001  0  0  0  0  0  0  0  
8.12012  0  0  0  0  0  0  0  
8.14009  0  0  0  0  0  0  0  
8.16012  0  0  0  0  0  0  0  
8.18009  0  0  0  0  0  0  0  
8.20014  0  0  0  0  0  0  0  
8.22012  0  0  0  0  0  0  0  
8.24013  0  0  0  0  0  0  0  
8.26013  0  0  0  0  0  0  0  
8.28012  0  0  0  0  0  0  0  
8.3001  0  0  0  0  0  0  0  
8.32021  0  0  0  0  0  0  0  
8.34011  0  0  0  0  0  0  0  
8.3601  0  0  0  0  0  0  0  
8.38011  0  0  0  0  0  0  0  
8.4001  0  0  0  0  0  0  0  
8.4201  0  0  0  0  0  0  0  
8.44011  0  0  0  0  0  0  0  
8.46012  0  0  0  0  0  0  0  
8.48013  0  0  0  0  0  0  0  
8.50011  0  0  0  0  0  0  0  
8.52011  0  0  0  0  0  0  0  
8.54011  0  0  0  0  0  0  0  
8.56009  0  0  0  0  0  0  0  
8.58011  0  0  0  0  0  0  0  
8.60012  0  0  0  0  0  0  0  
8.62011  0  0  0  0  0  0  0  
8.64011  0  0  0  0  0  0  0  
8.66012  0  0  0  0  0  0  0  
8.68012  0  0  0  0  0  0  0  
8.70011  0  0  0  0  0  0  0  
8.72011  0  0  0  0  0  0  0  
8.74015  0  0  0  0  0  0  0  
8.76012  0  0  0  0  0  0  0  
8.7801  0  0  0  0  0  0  0  
8.80013  0  0  0  0  0  0  0  
8.82017  0  0  0  0  0  0  0  
8.84011  0  0  0  0  0  0  0  
8.8601  0  0  0  0  0  0  0  
8.88012  0  0  0  0  0  0  0  
8.90013  0  0  0  0  0  0  0  
8.92011  0  0  0  0  0  0  0  
8.94015  0  0  0  0  0  0  0  
8.9601  0  0  0  0  0  0  0  
8.98009  0  0  0  0  0  0  0  
9.00009  0  0  0  0  0  0  0  
9.02011  0  0  0  0  0  0  0  
9.04011  0  0  0  0  0  0  0  
9.0601  0  0  0  0  0  0  0  
9.08011  0  0  0  0  0  0  0  
9.10012  0  0  0  0  0  0  0  
9.12011  0  0  0  0  0  0  0  
9.14011  0  0  0  0  0  0  0  
9.1601  0  0  0  0  0  0  0  
9.18012  0  0  0  0  0  0  0  
9.20014  0  0  0  0  0  0  0  
9.22011  0  0  0  0  0  0  0  
9.24012  0  0  0  0  0  0  0  
9.26012  0  0  0  0  0  0  0  
9.28017  0  0  0  0  0  0  0  
9.30012  0  0  0  0  0  0  0  
9.32017  0  0  0  0  0  0  0  
9.34012  0  0  0  0  0  0  0  
9.36013  0  0  0  0  0  0  0  
9.3801  0  0  0  0  0  0  0  
9.40011  0  0  0  0  0  0  0  
9.42009  0  0  0  0  0  0  0  
9.44011  0  0  0  0  0  0  0  
9.4601  0  0  0  0  0  0  0  
9.48013  0  0  0  0  0  0  0  
9.5001  0  0  0  0  0  0  0  
9.5201  0  0  0  0  0  0  0  
9.54011  0  0  0  0  0  0  0  
9.5601  0  0  0  0  0  0  0  
9.5801  0  0  0  0  0  0  0  
9.60013  0  0  0  0  0  0  0  
9.62012  0  0  0  0  0  0  0  
9.64011  0  0  0  0  0  0  0  
9.66011  0  0  0  0  0  0  0  
9.68013  0  0  0  0  0  0  0  
9.7001  0  0  0  0  0  0  0  
9.7201  0  0  0  0  0  0  0  
9.7401  0  0  0  0  0  0  0  
9.76009  0  0  0  0  0  0  0  
9.78011  0  0  0  0  0  0  0  
9.80009  0  0  0  0  0  0  0  
9.82009  0  0  0  0  0  0  0  
9.84009  0  0  0  0  0  0  0  
9.86011  0  0  0  0  0  0  0  
9.88009  0  0  0  0  0  0  0  
9.9001  0  0  0  0  0  0  0  
9.92012  0  0  0  0  0  0  0  
9.9401  0  0  0  0  0  0  0  
9.9601  0  0  0  0  0  0  0  
9.98013  0  0  0  0  0  0  0  
10.0001  0  0  0  0  0  0  0  
10.0201  0  0  0  0  0  0  0  
10.0401  0  0  0  0  0  0  0  
10.0601  0  0  0  0  0  0  0  
10.0801  0  0  0  0  0  0  0  
10.1001  0  0  0  0  0  0  0  
10.1201  0  0  0  0  0  0  0  
10.1401  0  0  0  0  0  0  0  
10.1601  0  0  0  0  0  0  0  
10.1801  0  0  0  0  0  0  0  
10.2001  0  0  0  0  0  0  0  
10.2201  0  0  0  0  0  0  0  
10.2401  0  0  0  0  0  0  0  
10.2601  0  0  0  0  0  0  0  
10.2801  0  0  0  0  0  0  0  
10.3004  0  0  0  0  0  0  0  
10.3201  0  0  0  0  0  0  0  
10.3401  0  0  0  0  0  0  0  
10.3601  0  0  0  0  0  0  0  
10.3801  0  0  0  0  0  0  0  
10.4001  0  0  0  0  0  0  0  
10.4201  0  0  0  0  0  0  0  
10.4401  0  0  0  0  0  0  0  
10.4601  0  0  0  0  0  0  0  
10.4801  0  0  0  0  0  0  0  
10.5001  0  0  0  0  0  0  0  
10.5201  0  0  0  0  0  0  0  
10.5401  0  0  0  0  0  0  0  
10.5601  0  0  0  0  0  0  0  
10.5801  0  0  0  0  0  0  0  
10.6001  0  0  0  0  0  0  0  
10.6201  0  0  0  0  0  0  0  
10.6401  0  0  0  0  0  0  0  
10.6601  0  0  0  0  0  0  0  
10.6801  0  0  0  0  0  0  0  
10.7001  0  0  0  0  0  0  0  
10.7201  0  0  0  0  0  0  0  
10.7401  0  0  0  0  0  0  0  
10.7601  0  0  0  0  0  0  0  
10.7801  0  0  0  0  0  0  0  
10.8001  0  0  0  0  0  0  0  
10.8201  0  0  0  0  0  0  0  
10.8401  0  0  0  0  0  0  0  
10.8601  0  0  0  0  0  0  0  
10.8801  0  0  0  0  0  0  0  
10.9001  0  0  0  0  0  0  0  
10.9201  0  0  0  0  0  0  0  
10.9401  0  0  0  0  0  0  0  
10.9601  0  0  0  0  0  0  0  
10.9801  0  0  0  0  0  0  0  
11.0001  0  0  0  0  0  0  0  
11.0201  0  0  0  0  0  0  0  
11.0402  0  0  0  0  0  0  0  
11.0601  0  0  0  0  0  0  0  
11.0801  0  0  0  0  0  0  0  
11.1001  0  0  0  0  0  0  0  
11.1201  0  0  0  0  0  0  0  
11.1401  0  0  0  0  0  0  0  
11.1601  0  0  0  0  0  0  0  
11.1802  0  0  0  0  0  0  0  
11.2001  0  0  0  0  0  0  0  
11.2201  0  0  0  0  0  0  0  
11.2401  0  0  0  0  0  0  0  
11.2601  0  0  0  0  0  0  0  
11.2801  0  0  0  0  0  0  0  
11.3001  0  0  0  0  0  0  0  
11.3201  0  0  0  0  0  0  0  
11.3401  0  0  0  0  0  0  0  
11.3601  0  0  0  0  0  0  0  
11.3801  0  0  0  0  0  0  0  
11.4001  0  0  0  0  0  0  0  
11.4201  0  0  0  0  0  0  0  
11.4401  0  0  0  0  0  0  0  
11.4601  0  0  0  0  0  0  0  
11.4801  0  0  0  0  0  0  0  
11.5001  0  0  0  0  0  0  0  
11.5201  0  0  0  0  0  0  0  
11.5401  0  0  0  0  0  0  0  
11.5601  0  0  0  0  0  0  0  
11.5801  0  0  0  0  0  0  0  
11.6001  0  0  0  0  0  0  0  
11.6201  0  0  0  0  0  0  0  
11.6401  0  0  0  0  0  0  0  
11.6601  0  0  0  0  0  0  0  
11.6801  0  0  0  0  0  0  0  
11.7001  0  0  0  0  0  0  0  
11.7201  0  0  0  0  0  0  0  
11.7402  0  0  0  0  0  0  0  
11.7601  0  0  0  0  0  0  0  
11.7801  0  0  0  0  0  0  0  
11.8001  0  0  0  0  0  0  0  
11.8201  0  0  0  0  0  0  0  
11.8401  0  0  0  0  0  0  0  
11.8601  0  0  0  0  0  0  0  
11.8801  0  0  0  0  0  0  0  
11.9001  0  0  0  0  0  0  0  
11.9201  0  0  0  0  0  0  0  
11.9401  0  0  0  0  0  0  0  
11.9601  0  0  0  0  0  0  0  
11.9801  0  0  0  0  0  0  0  
12.0001  0  0  0  0  0  0  0  
12.0201  0  0  0  0  0  0  0  
12.0401  0  0  0  0  0  0  0  
12.0601  0  0  0  0  0  0  0  
12.0801  0  0  0  0  0  0  0  
12.1001  0  0  0  0  0  0  0  
12.1201  0  0  0  0  0  0  0  
12.1401  0  0  0  0  0  0  0  
12.1601  0  0  0  0  0  0  0  
12.1801  0  0  0  0  0  0  0  
12.2001  0  0  0  0  0  0  0  
12.2201  0  0  0  0  0  0  0  
12.2401  0  0  0  0  0  0  0  
12.2601  0  0  0  0  0  0  0  
12.2801  0  0  0  0  0  0  0  
12.3001  0  0  0  0  0  0  0  
12.3201  0  0  0  0  0  0  0  
12.3401  0  0  0  0  0  0  0  
12.3601  0  0  0  0  0  0  0  
12.3801  0  0  0  0  0  0  0  
12.4001  0  0  0  0  0  0  0  
12.4201  0  0  0  0  0  0  0  
12.4401  0  0  0  0  0  0  0  
12.4601  0  0  0  0  0  0  0  
12.4801  0  0  0  0  0  0  0  
12.5001  0  0  0  0  0  0  0  
12.5201  0  0  0  0  0  0  0  
12.5401  0  0  0  0  0  0  0  
12.5601  0  0  0  0  0  0  0  
12.5801  0  0  0  0  0  0  0  
12.6001  0  0  0  0  0  0  0  
12.6201  0  0  0  0  0  0  0  
12.6401  0  0  0  0  0  0  0  
12.6601  0  0  0  0  0  0  0  
12.6801  0  0  0  0  0  0  0  
12.7001  0  0  0  0  0  0  0  
12.7201  0  0  0  0  0  0  0  
12.7401  0  0  0  0  0  0  0  
12.7601  0  0  0  0  0  0  0  
12.7801  0  0  0  0  0  0  0  
12.8001  0  0  0  0  0  0  0  
12.8201  0  0  0  0  0  0  0  
12.8401  0  0  0  0  0  0  0  
12.8601  0  0  0  0  0  0  0  
12.8802  0  0  0  0  0  0  0  
12.9001  0  0  0  0  0  0  0  
12.9201  0  0  0  0  0  0  0  
12.9401  0  0  0  0  0  0  0  
12.9601  0  0  0  0  0  0  0  
12.9801  0  0  0  0  0  0  0  
13.0001  0  0  0  0  0  0  0  
13.0201  0  0  0  0  0  0  0  
13.0401  0  0  0  0  0  0  0  
13.0601  0  0  0  0  0  0  0  
13.0801  0  0  0  0  0  0  0  
13.1001  0  0  0  0  0  0  0  
13.1201  0  0  0  0  0  0  0  
13.1401  0  0  0  0  0  0  0  
13.1601  0  0  0  0  0  0  0  
13.1801  0  0  0  0  0  0  0  
13.2001  0  0  0  0  0  0  0  
13.2201  0  0  0  0  0  0  0  
13.2401  0  0  0  0  0  0  0  
13.2601  0  0  0  0  0  0  0  
13.2801  0  0  0  0  0  0  0  
13.3001  0  0  0  0  0  0  0  
13.3202  0  0  0  0  0  0  0  
13.3401  0  0  0  0  0  0  0  
13.3601  0  0  0  0  0  0  0  
13.3801  0  0  0  0  0  0  0  
13.4001  0  0  0  0  0  0  0  
13.4201  0  0  0  0  0  0  0  
13.4401  0  0  0  0  0  0  0  
13.4601  0  0  0  0  0  0  0  
13.4801  0  0  0  0  0  0  0  
13.5001  0  0  0  0  0  0  0  
13.5201  0  0  0  0  0  0  0  
13.5401  0  0  0  0  0  0  0  
13.5601  0  0  0  0  0  0  0  
13.5801  0  0  0  0  0  0  0  
13.6001  0  0  0  0  0  0  0  
13.6201  0  0  0  0  0  0  0  
13.6401  0  0  0  0  0  0  0  
13.6602  0  0  0  0  0  0  0  
13.6801  0  0  0  0  0  0  0  
13.7001  0  0  0  0  0  0  0  
13.7201  0  0  0  0  0  0  0  
13.7401  0  0  0  0  0  0  0  
13.7601  0  0  0  0  0  0  0  
13.7801  0  0  0  0  0  0  0  
13.8001  0  0  0  0  0  0  0  
13.8201  0  0  0  0  0  0  0  
13.8401  0  0  0  0  0  0  0  
13.8601  0  0  0  0  0  0  0  
13.8801  0  0  0  0  0  0  0  
13.9001  0  0  0  0  0  0  0  
13.9201  0  0  0  0  0  0  0  
13.9401  0  0  0  0  0  0  0  
13.9601  0  0  0  0  0  0  0  
13.9801  0  0  0  0  0  0  0  
14.0002  0  0  0  0  0  0  0  
14.0201  0  0  0  0  0  0  0  
14.0401  0  0  0  0  0  0  0  
14.0603  0  0  0  0  0  0  0  
14.0801  0  0  0  0  0  0  0  
14.1001  0  0  0  0  0  0  0  
14.1201  0  0  0  0  0  0  0  
14.1401  0  0  0  0  0  0  0  
14.1601  0  0  0  0  0  0  0  
14.1801  0  0  0  0  0  0  0  
14.2001  0  0  0  0  0  0  0  
14.2201  0  0  0  0  0  0  0  
14.2401  0  0  0  0  0  0  0  
14.2601  0  0  0  0  0  0  0  
14.2801  0  0  0  0  0  0  0  
14.3001  0  0  0  0  0  0  0  
14.3201  0  0  0  0  0  0  0  
14.3401  0  0  0  0  0  0  0  
14.3601  0  0  0  0  0  0  0  
14.3801  0  0  0  0  0  0  0  
14.4001  0  0  0  0  0  0  0  
14.4201  0  0  0  0  0  0  0  
14.4401  0  0  0  0  0  0  0  
14.4601  0  0  0  0  0  0  0  
14.4801  0  0  0  0  0  0  0  
14.5001  0  0  0  0  0  0  0  
14.5201  0  0  0  0  0  0  0  
14.5401  0  0  0  0  0  0  0  
14.5601  0  0  0  0  0  0  0  
14.5801  0  0  0  0  0  0  0  
14.6001  0  0  0  0  0  0  0  
14.6201  0  0  0  0  0  0  0  
14.6401  0  0  0  0  0  0  0  
14.6601  0  0  0  0  0  0  0  
14.6801  0  0  0  0  0  0  0  
14.7001  0  0  0  0  0  0  0  
14.7201  0  0  0  0  0  0  0  
14.7401  0  0  0  0  0  0  0  
14.7601  0  0  0  0  0  0  0  
14.7801  0  0  0  0  0  0  0  
14.8001  0  0  0  0  0  0  0  
14.8201  0  0  0  0  0  0  0  
14.8401  0  0  0  0  0  0  0  
14.8601  0  0  0  0  0  0  0  
14.8801  0  0  0  0  0  0  0  
14.9001  0  0  0  0  0  0  0  
14.9201  0  0  0  0  0  0  0  
14.9402  0  0  0  0  0  0  0  
14.9601  0  0  0  0  0  0  0  
14.9801  0  0  0  0  0  0  0  
15.0001  0  0  0  0  0  0  0  
15.0201  0  0  0  0  0  0  0  
15.0401  0  0  0  0  0  0  0  
15.0601  0  0  0  0  0  0  0  
15.0801  0  0  0  0  0  0  0  
15.1001  0  0  0  0  0  0  0  
15.1201  0  0  0  0  0  0  0  
15.1401  0  0  0  0  0  0  0  
15.1601  0  0  0  0  0  0  0  
15.1801  0  0  0  0  0  0  0  
15.2001  0  0  0  0  0  0  0  
15.2201  0  0  0  0  0  0  0  
15.2401  0  0  0  0  0  0  0  
15.2601  0  0  0  0  0  0  0  
15.2801  0  0  0  0  0  0  0  
15.3001  0  0  0  0  0  0  0  
15.3201  0  0  0  0  0  0  0  
15.3401  0  0  0  0  0  0  0  
15.3601  0  0  0  0  0  0  0  
15.3801  0  0  0  0  0  0  0  
15.4001  0  0  0  0  0  0  0  
15.4201  0  0  0  0  0  0  0  
15.4401  0  0  0  0  0  0  0  
15.4601  0  0  0  0  0  0  0  
15.4801  0  0  0  0  0  0  0  
15.5001  0  0  0  0  0  0  0  
15.5201  0  0  0  0  0  0  0  
15.5401  0  0  0  0  0  0  0  
15.5601  0  0  0  0  0  0  0  
15.5801  0  0  0  0  0  0  0  
15.6001  0  0  0  0  0  0  0  
15.6201  0  0  0  0  0  0  0  
15.6401  0  0  0  0  0  0  0  
15.6601  0  0  0  0  0  0  0  
15.6801  0  0  0  0  0  0  0  
15.7001  0  0  0  0  0  0  0  
15.7201  0  0  0  0  0  0  0  
15.7401  0  0  0  0  0  0  0  
15.7601  0  0  0  0  0  0  0  
15.7801  0  0  0  0  0  0  0  
15.8001  0  0  0  0  0  0  0  
15.8201  0  0  0  0  0  0  0  
15.8401  0  0  0  0  0  0  0  
15.8601  0  0  0  0  0  0  0  
15.8801  0  0  0  0  0  0  0  
15.9001  0  0  0  0  0  0  0  
15.9201  0  0  0  0  0  0  0  
15.9401  0  0  0  0  0  0  0  
15.9601  0  0  0  0  0  0  0  
15.9801  0  0  0  0  0  0  0  
16.0001  0  0  0  0  0  0  0  
16.0201  0  0  0  0  0  0  0  
16.0401  0  0  0  0  0  0  0  
16.0601  0  0  0  0  0  0  0  
16.0801  0  0  0  0  0  0  0  
16.1001  0  0  0  0  0  0  0  
16.1201  0  0  0  0  0  0  0  
16.1401  0  0  0  0  0  0  0  
16.1601  0  0  0  0  0  0  0  
16.1801  0  0  0  0  0  0  0  
16.2001  0  0  0  0  0  0  0  
16.2201  0  0  0  0  0  0  0  
16.2401  0  0  0  0  0  0  0  
16.2601  0  0  0  0  0  0  0  
16.2801  0  0  0  0  0  0  0  
16.3001  0  0  0  0  0  0  0  
16.3201  0  0  0  0  0  0  0  
16.3401  0  0  0  0  0  0  0  
16.3601  0  0  0  0  0  0  0  
16.3801  0  0  0  0  0  0  0  
16.4001  0  0  0  0  0  0  0  
16.4201  0  0  0  0  0  0  0  
16.4402  0  0  0  0  0  0  0  
16.4601  0  0  0  0  0  0  0  
16.4801  0  0  0  0  0  0  0  
16.5001  0  0  0  0  0  0  0  
16.5201  0  0  0  0  0  0  0  
16.5401  0  0  0  0  0  0  0  
16.5601  0  0  0  0  0  0  0  
16.5801  0  0  0  0  0  0  0  
16.6001  0  0  0  0  0  0  0  
16.6201  0  0  0  0  0  0  0  
16.6401  0  0  0  0  0  0  0  
16.6601  0  0  0  0  0  0  0  
16.6801  0  0  0  0  0  0  0  
16.7001  0  0  0  0  0  0  0  
16.7201  0  0  0  0  0  0  0  
16.7401  0  0  0  0  0  0  0  
16.7601  0  0  0  0  0  0  0  
16.7801  0  0  0  0  0  0  0  
16.8001  0  0  0  0  0  0  0  
16.8201  0  0  0  0  0  0  0  
16.8401  0  0  0  0  0  0  0  
16.8601  0  0  0  0  0  0  0  
16.8801  0  0  0  0  0  0  0  
16.9001  0  0  0  0  0  0  0  
16.9201  0  0  0  0  0  0  0  
16.9401  0  0  0  0  0  0  0  
16.9601  0  0  0  0  0  0  0  
16.9801  0  0  0  0  0  0  0  
17.0001  0  0  0  0  0  0  0  
17.0201  0  0  0  0  0  0  0  
17.0401  0  0  0  0  0  0  0  
17.0601  0  0  0  0  0  0  0  
17.0801  0  0  0  0  0  0  0  
17.1001  0  0  0  0  0  0  0  
17.1201  0  0  0  0  0  0  0  
17.1401  0  0  0  0  0  0  0  
17.1601  0  0  0  0  0  0  0  
17.1801  0  0  0  0  0  0  0  
17.2001  0  0  0  0  0  0  0  
17.2201  0  0  0  0  0  0  0  
17.2401  0  0  0  0  0  0  0  
17.2601  0  0  0  0  0  0  0  
17.2801  0  0  0  0  0  0  0  
17.3001  0  0  0  0  0  0  0  
17.3201  0  0  0  0  0  0  0  
17.3401  0  0  0  0  0  0  0  
17.3601  0  0  0  0  0  0  0  
17.3805  0  0  0  0  0  0  0  
17.4001  0  0  0  0  0  0  0  
17.4201  0  0  0  0  0  0  0  
17.4401  0  0  0  0  0  0  0  
17.4601  0  0  0  0  0  0  0  
17.4801  0  0  0  0  0  0  0  
17.5001  0  0  0  0  0  0  0  
17.5201  0  0  0  0  0  0  0  
17.5401  0  0  0  0  0  0  0  
17.5601  0  0  0  0  0  0  0  
17.5801  0  0  0  0  0  0  0  
17.6001  0  0  0  0  0  0  0  
17.6201  0  0  0  0  0  0  0  
17.6401  0  0  0  0  0  0  0  
17.6601  0  0  0  0  0  0  0  
17.6801  0  0  0  0  0  0  0  
17.7001  0  0  0  0  0  0  0  
17.7201  0  0  0  0  0  0  0  
17.7401  0  0  0  0  0  0  0  
17.7601  0  0  0  0  0  0  0  
17.7801  0  0  0  0  0  0  0  
17.8001  0  0  0  0  0  0  0  
17.8201  0  0  0  0  0  0  0  
17.8401  0  0  0  0  0  0  0  
17.8601  0  0  0  0  0  0  0  
17.8801  0  0  0  0  0  0  0  
17.9001  0  0  0  0  0  0  0  
17.9201  0  0  0  0  0  0  0  
17.9401  0  0  0  0  0  0  0  
17.9601  0  0  0  0  0  0  0  
17.9801  0  0  0  0  0  0  0  
18.0001  0  0  0  0  0  0  0  
18.0201  0  0  0  0  0  0  0  
18.0401  0  0  0  0  0  0  0  
18.0601  0  0  0  0  0  0  0  
18.0801  0  0  0  0  0  0  0  
18.1001  0  0  0  0  0  0  0  
18.1201  0  0  0  0  0  0  0  
18.1401  0  0  0  0  0  0  0  
18.1601  0  0  0  0  0  0  0  
18.1801  0  0  0  0  0  0  0  
18.2001  0  0  0  0  0  0  0  
18.2201  0  0  0  0  0  0  0  
18.2401  0  0  0  0  0  0  0  
18.2601  0  0  0  0  0  0  0  
18.2801  0  0  0  0  0  0  0  
18.3001  0  0  0  0  0  0  0  
18.3201  0  0  0  0  0  0  0  
18.3401  0  0  0  0  0  0  0  
18.3601  0  0  0  0  0  0  0  
18.3801  0  0  0  0  0  0  0  
18.4001  0  0  0  0  0  0  0  
18.4201  0  0  0  0  0  0  0  
18.4401  0  0  0  0  0  0  0  
18.4601  0  0  0  0  0  0  0  
18.4801  0  0  0  0  0  0  0  
18.5001  0  0  0  0  0  0  0  
18.5201  0  0  0  0  0  0  0  
18.5401  0  0  0  0  0  0  0  
18.5601  0  0  0  0  0  0  0  
18.5801  0  0  0  0  0  0  0  
18.6001  0  0  0  0  0  0  0  
18.6201  0  0  0  0  0  0  0  
18.6401  0  0  0  0  0  0  0  
18.6601  0  0  0  0  0  0  0  
18.6801  0  0  0  0  0  0  0  
18.7001  0  0  0  0  0  0  0  
18.7201  0  0  0  0  0  0  0  
18.7401  0  0  0  0  0  0  0  
18.7601  0  0  0  0  0  0  0  
18.7801  0  0  0  0  0  0  0  
18.8001  0  0  0  0  0  0  0  
18.8201  0  0  0  0  0  0  0  
18.8401  0  0  0  0  0  0  0  
18.8601  0  0  0  0  0  0  0  
18.8801  0  0  0  0  0  0  0  
18.9001  0  0  0  0  0  0  0  
18.9201  0  0  0  0  0  0  0  
18.9401  0  0  0  0  0  0  0  
18.9601  0  0  0  0  0  0  0  
18.9801  0  0  0  0  0  0  0  
19.0001  0  0  0  0  0  0  0  
19.0201  0  0  0  0  0  0  0  
19.0401  0  0  0  0  0  0  0  
19.0601  0  0  0  0  0  0  0  
19.0801  0  0  0  0  0  0  0  
19.1001  0  0  0  0  0  0  0  
19.1201  0  0  0  0  0  0  0  
19.1401  0  0  0  0  0  0  0  
19.1602  0  0  0  0  0  0  0  
19.1801  0  0  0  0  0  0  0  
19.2001  0  0  0  0  0  0  0  
19.2201  0  0  0  0  0  0  0  
19.2401  0  0  0  0  0  0  0  
19.2601  0  0  0  0  0  0  0  
19.2801  0  0  0  0  0  0  0  
19.3001  0  0  0  0  0  0  0  
19.3201  0  0  0  0  0  0  0  
19.3401  0  0  0  0  0  0  0  
19.3601  0  0  0  0  0  0  0  
19.3801  0  0  0  0  0  0  0  
19.4001  0  0  0  0  0  0  0  
19.4201  0  0  0  0  0  0  0  
19.4401  0  0  0  0  0  0  0  
19.4601  0  0  0  0  0  0  0  
19.4801  0  0  0  0  0  0  0  
19.5001  0  0  0  0  0  0  0  
19.5201  0  0  0  0  0  0  0  
19.5401  0  0  0  0  0  0  0  
19.5601  0  0  0  0  0  0  0  
19.5801  0  0  0  0  0  0  0  
19.6001  0  0  0  0  0  0  0  
19.6201  0  0  0  0  0  0  0  
19.6401  0  0  0  0  0  0  0  
19.6601  0  0  0  0  0  0  0  
19.6802  0  0  0  0  0  0  0  
19.7001  0  0  0  0  0  0  0  
19.7201  0  0  0  0  0  0  0  
19.7401  0  0  0  0  0  0  0  
19.7601  0  0  0  0  0  0  0  
19.7801  0  0  0  0  0  0  0  
19.8001  0  0  0  0  0  0  0  
19.8201  0  0  0  0  0  0  0  
19.8401  0  0  0  0  0  0  0  
19.8601  0  0  0  0  0  0  0  
19.8801  0  0  0  0  0  0  0  
19.9001  0  0  0  0  0  0  0  
19.9201  0  0  0  0  0  0  0  
19.9401  0  0  0  0  0  0  0  
19.9601  0  0  0  0  0  0  0  
19.9801  0  0  0  0  0  0  0  
20.0001  0  0  0  0  0  0  0  
20.0201  0  0  0  0  0  0  0  
20.0401  0  0  0  0  0  0  0  
20.0601  0  0  0  0  0  0  0  
20.0801  0  0  0  0  0  0  0  
20.1001  0  0  0  0  0  0  0  
20.1201  0  0  0  0  0  0  0  
20.1401  0  0  0  0  0  0  0  
20.1601  0  0  0  0  0  0  0  
20.1801  0  0  0  0  0  0  0  
20.2001  0  0  0  0  0  0  0  
20.2202  0  0  0  0  0  0  0  
20.2401  0  0  0  0  0  0  0  
20.2601  0  0  0  0  0  0  0  
20.2801  0  0  0  0  0  0  0  
20.3001  0  0  0  0  0  0  0  
20.3201  0  0  0  0  0  0  0  
20.3401  0  0  0  0  0  0  0  
20.3601  0  0  0  0  0  0  0  
20.3801  0  0  0  0  0  0  0  
20.4001  0  0  0  0  0  0  0  
20.4201  0  0  0  0  0  0  0  
20.4401  0  0  0  0  0  0  0  
20.4601  0  0  0  0  0  0  0  
20.4801  0  0  0  0  0  0  0  
20.5001  0  0  0  0  0  0  0  
20.5201  0  0  0  0  0  0  0  
20.5401  0  0  0  0  0  0  0  
20.5601  0  0  0  0  0  0  0  
20.5801  0  0  0  0  0  0  0  
20.6001  0  0  0  0  0  0  0  
20.6201  0  0  0  0  0  0  0  
20.6401  0  0  0  0  0  0  0  
20.6601  0  0  0  0  0  0  0  
20.6801  0  0  0  0  0  0  0  
20.7001  0  0  0  0  0  0  0  
20.7201  0  0  0  0  0  0  0  
20.7401  0  0  0  0  0  0  0  
20.7601  0  0  0  0  0  0  0  
20.7801  0  0  0  0  0  0  0  
20.8001  0  0  0  0  0  0  0  
20.8201  0  0  0  0  0  0  0  
20.8401  0  0  0  0  0  0  0  
20.8601  0  0  0  0  0  0  0  
20.8801  0  0  0  0  0  0  0  
20.9001  0  0  0  0  0  0  0  
20.9201  0  0  0  0  0  0  0  
20.9401  0  0  0  0  0  0  0  
20.9601  0  0  0  0  0  0  0  
20.9801  0  0  0  0  0  0  0  
21.0001  0  0  0  0  0  0  0  
21.0201  0  0  0  0  0  0  0  
21.0401  0  0  0  0  0  0  0  
21.0601  0  0  0  0  0  0  0  
21.0801  0  0  0  0  0  0  0  
21.1001  0  0  0  0  0  0  0  
21.1201  0  0  0  0  0  0  0  
21.1401  0  0  0  0  0  0  0  
21.1601  0  0  0  0  0  0  0  
21.1801  0  0  0  0  0  0  0  
21.2001  0  0  0  0  0  0  0  
21.2201  0  0  0  0  0  0  0  
21.2401  0  0  0  0  0  0  0  
21.2601  0  0  0  0  0  0  0  
21.2801  0  0  0  0  0  0  0  
21.3001  0  0  0  0  0  0  0  
21.3201  0  0  0  0  0  0  0  
21.3401  0  0  0  0  0  0  0  
21.3601  0  0  0  0  0  0  0  
21.3801  0  0  0  0  0  0  0  
21.4001  0  0  0  0  0  0  0  
21.4201  0  0  0  0  0  0  0  
21.4401  0  0  0  0  0  0  0  
21.4601  0  0  0  0  0  0  0  
21.4801  0  0  0  0  0  0  0  
21.5001  0  0  0  0  0  0  0  
21.5201  0  0  0  0  0  0  0  
21.5401  0  0  0  0  0  0  0  
21.5601  0  0  0  0  0  0  0  
21.5801  0  0  0  0  0  0  0  
21.6001  0  0  0  0  0  0  0  
21.6201  0  0  0  0  0  0  0  
21.6401  0  0  0  0  0  0  0  
21.6601  0  0  0  0  0  0  0  
21.6801  0  0  0  0  0  0  0  
21.7001  0  0  0  0  0  0  0  
21.7201  0  0  0  0  0  0  0  
21.7401  0  0  0  0  0  0  0  
21.7601  0  0  0  0  0  0  0  
21.7801  0  0  0  0  0  0  0  
21.8001  0  0  0  0  0  0  0  
21.8201  0  0  0  0  0  0  0  
21.8401  0  0  0  0  0  0  0  
21.8601  0  0  0  0  0  0  0  
21.8801  0  0  0  0  0  0  0  
21.9001  0  0  0  0  0  0  0  
21.9201  0  0  0  0  0  0  0  
21.9401  0  0  0  0  0  0  0  
21.9601  0  0  0  0  0  0  0  
21.9801  0  0  0  0  0  0  0  
22.0001  0  0  0  0  0  0  0  
22.0201  0  0  0  0  0  0  0  
22.0401  0  0  0  0  0  0  0  
22.0601  0  0  0  0  0  0  0  
22.0801  0  0  0  0  0  0  0  
22.1001  0  0  0  0  0  0  0  
22.1201  0  0  0  0  0  0  0  
22.1401  0  0  0  0  0  0  0  
22.1601  0  0  0  0  0  0  0  
22.1801  0  0  0  0  0  0  0  
22.2001  0  0  0  0  0  0  0  
22.2201  0  0  0  0  0  0  0  
22.2402  0  0  0  0  0  0  0  
22.2601  0  0  0  0  0  0  0  
22.2801  0  0  0  0  0  0  0  
22.3001  0  0  0  0  0  0  0  
22.3201  0  0  0  0  0  0  0  
22.3401  0  0  0  0  0  0  0  
22.3601  0  0  0  0  0  0  0  
22.3801  0  0  0  0  0  0  0  
22.4001  0  0  0  0  0  0  0  
22.4201  0  0  0  0  0  0  0  
22.4401  0  0  0  0  0  0  0  
22.4601  0  0  0  0  0  0  0  
22.4801  0  0  0  0  0  0  0  
22.5001  0  0  0  0  0  0  0  
22.5201  0  0  0  0  0  0  0  
22.5401  0  0  0  0  0  0  0  
22.5601  0  0  0  0  0  0  0  
22.5801  0  0  0  0  0  0  0  
22.6001  0  0  0  0  0  0  0  
22.6201  0  0  0  0  0  0  0  
22.6401  0  0  0  0  0  0  0  
22.6601  0  0  0  0  0  0  0  
22.6801  0  0  0  0  0  0  0  
22.7001  0  0  0  0  0  0  0  
22.7201  0  0  0  0  0  0  0  
22.7401  0  0  0  0  0  0  0  
22.7601  0  0  0  0  0  0  0  
22.7801  0  0  0  0  0  0  0  
22.8001  0  0  0  0  0  0  0  
22.8201  0  0  0  0  0  0  0  
22.8401  0  0  0  0  0  0  0  
22.8601  0  0  0  0  0  0  0  
22.8801  0  0  0  0  0  0  0  
22.9001  0  0  0  0  0  0  0  
22.9201  0  0  0  0  0  0  0  
22.9401  0  0  0  0  0  0  0  
22.9601  0  0  0  0  0  0  0  
22.9801  0  0  0  0  0  0  0  
23.0001  0  0  0  0  0  0  0  
23.0201  0  0  0  0  0  0  0  
23.0401  0  0  0  0  0  0  0  
23.0601  0  0  0  0  0  0  0  
23.0801  0  0  0  0  0  0  0  
23.1001  0  0  0  0  0  0  0  
23.1201  0  0  0  0  0  0  0  
23.1401  0  0  0  0  0  0  0  
23.1602  0  0  0  0  0  0  0  
23.1801  0  0  0  0  0  0  0  
23.2001  0  0  0  0  0  0  0  
23.2201  0  0  0  0  0  0  0  
23.2401  0  0  0  0  0  0  0  
23.2601  0  0  0  0  0  0  0  
23.2801  0  0  0  0  0  0  0  
23.3002  0  0  0  0  0  0  0  
23.3201  0  0  0  0  0  0  0  
23.3401  0  0  0  0  0  0  0  
23.3602  0  0  0  0  0  0  0  
23.3801  0  0  0  0  0  0  0  
23.4001  0  0  0  0  0  0  0  
23.4201  0  0  0  0  0  0  0  
23.4401  0  0  0  0  0  0  0  
23.4601  0  0  0  0  0  0  0  
23.4801  0  0  0  0  0  0  0  
23.5001  0  0  0  0  0  0  0  
23.5202  0  0  0  0  0  0  0  
23.5402  0  0  0  0  0  0  0  
23.5601  0  0  0  0  0  0  0  
23.5802  0  0  0  0  0  0  0  
23.6001  0  0  0  0  0  0  0  
23.6203  0  0  0  0  0  0  0  
23.6401  0  0  0  0  0  0  0  
23.6601  0  0  0  0  0  0  0  
23.6801  0  0  0  0  0  0  0  
23.7001  0  0  0  0  0  0  0  
23.7202  0  0  0  0  0  0  0  
23.7401  0  0  0  0  0  0  0  
23.7602  0  0  0  0  0  0  0  
23.7801  0  0  0  0  0  0  0  
23.8001  0  0  0  0  0  0  0  
23.8201  0  0  0  0  0  0  0  
23.8401  0  0  0  0  0  0  0  
23.8601  0  0  0  0  0  0  0  
23.8802  0  0  0  0  0  0  0  
23.9001  0  0  0  0  0  0  0  
23.9201  0  0  0  0  0  0  0  
23.9401  0  0  0  0  0  0  0  
23.9602  0  0  0  0  0  0  0  
23.9801  0  0  0  0  0  0  0  
24.0001  0  0  0  0  0  0  0  
24.0201  0  0  0  0  0  0  0  
24.0401  0  0  0  0  0  0  0  
24.0601  0  0  0  0  0  0  0  
24.0801  0  0  0  0  0  0  0  
24.1001  0  0  0  0  0  0  0  
24.1201  0  0  0  0  0  0  0  
24.1401  0  0  0  0  0  0  0  
24.1602  0  0  0  0  0  0  0  
24.1801  0  0  0  0  0  0  0  
24.2001  0  0  0  0  0  0  0  
24.2201  0  0  0  0  0  0  0  
24.2401  0  0  0  0  0  0  0  
24.2601  0  0  0  0  0  0  0  
24.2801  0  0  0  0  0  0  0  
24.3001  0  0  0  0  0  0  0  
24.3201  0  0  0  0  0  0  0  
24.3401  0  0  0  0  0  0  0  
24.3601  0  0  0  0  0  0  0  
24.3801  0  0  0  0  0  0  0  
24.4001  0  0  0  0  0  0  0  
24.4201  0  0  0  0  0  0  0  
24.4401  0  0  0  0  0  0  0  
24.4601  0  0  0  0  0  0  0  
24.4801  0  0  0  0  0  0  0  
24.5001  0  0  0  0  0  0  0  
24.5201  0  0  0  0  0  0  0  
24.5401  0  0  0  0  0  0  0  
24.5601  0  0  0  0  0  0  0  
24.5801  0  0  0  0  0  0  0  
24.6001  0  0  0  0  0  0  0  
24.6201  0  0  0  0  0  0  0  
24.6401  0  0  0  0  0  0  0  
24.6601  0  0  0  0  0  0  0  
24.6801  0  0  0  0  0  0  0  
24.7001  0  0  0  0  0  0  0  
24.7201  0  0  0  0  0  0  0  
24.7401  0  0  0  0  0  0  0  
24.7601  0  0  0  0  0  0  0  
24.7801  0  0  0  0  0  0  0  
24.8001  0  0  0  0  0  0  0  
24.8201  0  0  0  0  0  0  0  
24.8401  0  0  0  0  0  0  0  
24.8601  0  0  0  0  0  0  0  
24.8801  0  0  0  0  0  0  0  
24.9001  0  0  0  0  0  0  0  
24.9201  0  0  0  0  0  0  0  
24.9401  0  0  0  0  0  0  0  
24.9601  0  0  0  0  0  0  0  
24.9801  0  0  0  0  0  0  0  
25.0001  0  0  0  0  0  0  0  
25.0201  0  0  0  0  0  0  0  
25.0401  0  0  0  0  0  0  0  
25.0601  0  0  0  0  0  0  0  
25.0801  0  0  0  0  0  0  0  
25.1001  0  0  0  0  0  0  0  
25.1201  0  0  0  0  0  0  0  
25.1401  0  0  0  0  0  0  0  
25.1601  0  0  0  0  0  0  0  
25.1801  0  0  0  0  0  0  0  
25.2001  0  0  0  0  0  0  0  
25.2201  0  0  0  0  0  0  0  
25.2401  0  0  0  0  0  0  0  
25.2601  0  0  0  0  0  0  0  
25.2801  0  0  0  0  0  0  0  
25.3001  0  0  0  0  0  0  0  
25.3201  0  0  0  0  0  0  0  
25.3401  0  0  0  0  0  0  0  
25.3601  0  0  0  0  0  0  0  
25.3801  0  0  0  0  0  0  0  
25.4001  0  0  0  0  0  0  0  
25.4201  0  0  0  0  0  0  0  
25.4401  0  0  0  0  0  0  0  
25.4601  0  0  0  0  0  0  0  
25.4801  0  0  0  0  0  0  0  
25.5001  0  0  0  0  0  0  0  
25.5201  0  0  0  0  0  0  0  
25.5401  0  0  0  0  0  0  0  
25.5601  0  0  0  0  0  0  0  
25.5801  0  0  0  0  0  0  0  
25.6001  0  0  0  0  0  0  0  
25.6201  0  0  0  0  0  0  0  
25.6401  0  0  0  0  0  0  0  
25.6601  0  0  0  0  0  0  0  
25.6803  0  0  0  0  0  0  0  
25.7001  0  0  0  0  0  0  0  
25.7201  0  0  0  0  0  0  0  
25.7402  0  0  0  0  0  0  0  
25.7601  0  0  0  0  0  0  0  
25.7801  0  0  0  0  0  0  0  
25.8002  0  0  0  0  0  0  0  
25.8201  0  0  0  0  0  0  0  
25.8401  0  0  0  0  0  0  0  
25.8602  0  0  0  0  0  0  0  
25.8801  0  0  0  0  0  0  0  
25.9001  0  0  0  0  0  0  0  
25.9201  0  0  0  0  0  0  0  
25.9402  0  0  0  0  0  0  0  
25.9601  0  0  0  0  0  0  0  
25.9802  0  0  0  0  0  0  0  
26.0001  0  0  0  0  0  0  0  
26.0201  0  0  0  0  0  0  0  
26.0401  0  0  0  0  0  0  0  
26.0601  0  0  0  0  0  0  0  
26.0801  0  0  0  0  0  0  0  
26.1001  0  0  0  0  0  0  0  
26.1201  0  0  0  0  0  0  0  
26.1401  0  0  0  0  0  0  0  
26.1601  0  0  0  0  0  0  0  
26.1802  0  0  0  0  0  0  0  
26.2001  0  0  0  0  0  0  0  
26.2201  0  0  0  0  0  0  0  
26.2401  0  0  0  0  0  0  0  
26.2602  0  0  0  0  0  0  0  
26.2801  0  0  0  0  0  0  0  
26.3001  0  0  0  0  0  0  0  
26.3201  0  0  0  0  0  0  0  
26.3401  0  0  0  0  0  0  0  
26.3601  0  0  0  0  0  0  0  
26.3801  0  0  0  0  0  0  0  
26.4003  0  0  0  0  0  0  0  
26.4201  0  0  0  0  0  0  0  
26.4401  0  0  0  0  0  0  0  
26.4602  0  0  0  0  0  0  0  
26.4801  0  0  0  0  0  0  0  
26.5001  0  0  0  0  0  0  0  
26.5201  0  0  0  0  0  0  0  
26.5401  0  0  0  0  0  0  0  
26.5601  0  0  0  0  0  0  0  
26.5801  0  0  0  0  0  0  0  
26.6001  0  0  0  0  0  0  0  
26.6201  0  0  0  0  0  0  0  
26.6401  0  0  0  0  0  0  0  
26.6601  0  0  0  0  0  0  0  
26.6801  0  0  0  0  0  0  0  
26.7001  0  0  0  0  0  0  0  
26.7201  0  0  0  0  0  0  0  
26.7401  0  0  0  0  0  0  0  
26.7601  0  0  0  0  0  0  0  
26.7801  0  0  0  0  0  0  0  
26.8001  0  0  0  0  0  0  0  
26.8201  0  0  0  0  0  0  0  
26.8401  0  0  0  0  0  0  0  
26.8601  0  0  0  0  0  0  0  
26.8801  0  0  0  0  0  0  0  
26.9001  0  0  0  0  0  0  0  
26.9201  0  0  0  0  0  0  0  
26.9401  0  0  0  0  0  0  0  
26.9601  0  0  0  0  0  0  0  
26.9801  0  0  0  0  0  0  0  
27.0001  0  0  0  0  0  0  0  
27.0201  0  0  0  0  0  0  0  
27.0401  0  0  0  0  0  0  0  
27.0601  0  0  0  0  0  0  0  
27.0801  0  0  0  0  0  0  0  
27.1001  0  0  0  0  0  0  0  
27.1201  0  0  0  0  0  0  0  
27.1401  0  0  0  0  0  0  0  
27.1601  0  0  0  0  0  0  0  
27.1801  0  0  0  0  0  0  0  
27.2001  0  0  0  0  0  0  0  
27.2201  0  0  0  0  0  0  0  
27.2401  0  0  0  0  0  0  0  
27.2601  0  0  0  0  0  0  0  
27.2801  0  0  0  0  0  0  0  
27.3001  0  0  0  0  0  0  0  
27.3201  0  0  0  0  0  0  0  
27.3401  0  0  0  0  0  0  0  
27.3601  0  0  0  0  0  0  0  
27.3801  0  0  0  0  0  0  0  
27.4001  0  0  0  0  0  0  0  
27.4201  0  0  0  0  0  0  0  
27.4401  0  0  0  0  0  0  0  
27.4601  0  0  0  0  0  0  0  
27.4801  0  0  0  0  0  0  0  
27.5001  0  0  0  0  0  0  0  
27.5201  0  0  0  0  0  0  0  
27.5401  0  0  0  0  0  0  0  
27.5601  0  0  0  0  0  0  0  
27.5801  0  0  0  0  0  0  0  
27.6001  0  0  0  0  0  0  0  
27.6201  0  0  0  0  0  0  0  
27.6401  0  0  0  0  0  0  0  
27.6601  0  0  0  0  0  0  0  
27.6801  0  0  0  0  0  0  0  
27.7001  0  0  0  0  0  0  0  
27.7208  0  0  0  0  0  0  0  
27.7401  0  0  0  0  0  0  0  
27.7601  0  0  0  0  0  0  0  
27.7801  0  0  0  0  0  0  0  
27.8001  0  0  0  0  0  0  0  
27.8201  0  0  0  0  0  0  0  
27.8401  0  0  0  0  0  0  0  
27.8601  0  0  0  0  0  0  0  
27.8801  0  0  0  0  0  0  0  
27.9002  0  0  0  0  0  0  0  
27.9201  0  0  0  0  0  0  0  
27.9401  0  0  0  0  0  0  0  
27.9601  0  0  0  0  0  0  0  
27.9801  0  0  0  0  0  0  0  
28.0001  0  0  0  0  0  0  0  
28.0201  0  0  0  0  0  0  0  
28.0401  0  0  0  0  0  0  0  
28.0601  0  0  0  0  0  0  0  
28.0801  0  0  0  0  0  0  0  
28.1001  0  0  0  0  0  0  0  
28.1201  0  0  0  0  0  0  0  
28.1401  0  0  0  0  0  0  0  
28.1601  0  0  0  0  0  0  0  
28.1801  0  0  0  0  0  0  0  
28.2001  0  0  0  0  0  0  0  
28.2201  0  0  0  0  0  0  0  
28.2401  0  0  0  0  0  0  0  
28.2601  0  0  0  0  0  0  0  
28.2801  0  0  0  0  0  0  0  
28.3001  0  0  0  0  0  0  0  
28.3201  0  0  0  0  0  0  0  
28.3401  0  0  0  0  0  0  0  
28.3601  0  0  0  0  0  0  0  
28.3801  0  0  0  0  0  0  0  
28.4001  0  0  0  0  0  0  0  
28.4201  0  0  0  0  0  0  0  
28.4401  0  0  0  0  0  0  0  
28.4601  0  0  0  0  0  0  0  
28.4801  0  0  0  0  0  0  0  
28.5001  0  0  0  0  0  0  0  
28.5201  0  0  0  0  0  0  0  
28.5401  0  0  0  0  0  0  0  
28.5601  0  0  0  0  0  0  0  
28.5801  0  0  0  0  0  0  0  
28.6001  0  0  0  0  0  0  0  
28.6201  0  0  0  0  0  0  0  
28.6401  0  0  0  0  0  0  0  
28.6601  0  0  0  0  0  0  0  
28.6801  0  0  0  0  0  0  0  
28.7001  0  0  0  0  0  0  0  
28.7201  0  0  0  0  0  0  0  
28.7401  0  0  0  0  0  0  0  
28.7601  0  0  0  0  0  0  0  
28.7801  0  0  0  0  0  0  0  
28.8001  0  0  0  0  0  0  0  
28.8201  0  0  0  0  0  0  0  
28.8408  0  0  0  0  0  0  0  
28.8601  0  0  0  0  0  0  0  
28.8801  0  0  0  0  0  0  0  
28.9001  0  0  0  0  0  0  0  
28.9201  0  0  0  0  0  0  0  
28.9401  0  0  0  0  0  0  0  
28.9601  0  0  0  0  0  0  0  
28.9801  0  0  0  0  0  0  0  
29.0001  0  0  0  0  0  0  0  
29.0201  0  0  0  0  0  0  0  
29.0401  0  0  0  0  0  0  0  
29.0601  0  0  0  0  0  0  0  
29.0801  0  0  0  0  0  0  0  
29.1001  0  0  0  0  0  0  0  
29.1201  0  0  0  0  0  0  0  
29.1401  0  0  0  0  0  0  0  
29.1601  0  0  0  0  0  0  0  
29.1801  0  0  0  0  0  0  0  
29.2001  0  0  0  0  0  0  0  
29.2201  0  0  0  0  0  0  0  
29.2401  0  0  0  0  0  0  0  
29.2601  0  0  0  0  0  0  0  
29.2801  0  0  0  0  0  0  0  
29.3001  0  0  0  0  0  0  0  
29.3201  0  0  0  0  0  0  0  
29.3401  0  0  0  0  0  0  0  
29.3601  0  0  0  0  0  0  0  
29.3801  0  0  0  0  0  0  0  
29.4001  0  0  0  0  0  0  0  
29.4201  0  0  0  0  0  0  0  
29.4401  0  0  0  0  0  0  0  
29.4601  0  0  0  0  0  0  0  
29.4801  0  0  0  0  0  0  0  
29.5001  0  0  0  0  0  0  0  
29.5201  0  0  0  0  0  0  0  
29.5401  0  0  0  0  0  0  0  
29.5601  0  0  0  0  0  0  0  
29.5801  0  0  0  0  0  0  0  
29.6001  0  0  0  0  0  0  0  
29.6201  0  0  0  0  0  0  0  
29.6401  0  0  0  0  0  0  0  
29.6601  0  0  0  0  0  0  0  
29.6802  0  0  0  0  0  0  0  
29.7001  0  0  0  0  0  0  0  
29.7201  0  0  0  0  0  0  0  
29.7401  0  0  0  0  0  0  0  
29.7601  0  0  0  0  0  0  0  
29.7801  0  0  0  0  0  0  0  
29.8001  0  0  0  0  0  0  0  
29.8201  0  0  0  0  0  0  0  
29.8401  0  0  0  0  0  0  0  
29.8601  0  0  0  0  0  0  0  
29.8801  0  0  0  0  0  0  0  
29.9001  0  0  0  0  0  0  0  
29.9201  0  0  0  0  0  0  0  
29.9401  0  0  0  0  0  0  0  
29.9601  0  0  0  0  0  0  0  
29.9801  0  0  0  0  0  0  0  
30.0001  0  0  0  0  0  0  0  
30.0201  0  0  0  0  0  0  0  
30.0401  0  0  0  0  0  0  0  
30.0601  0  0  0  0  0  0  0  
30.0801  0  0  0  0  0  0  0  
30.1001  0  0  0  0  0  0  0  
30.1201  0  0  0  0  0  0  0  
30.1401  0  0  0  0  0  0  0  
30.1601  0  0  0  0  0  0  0  
30.1801  0  0  0  0  0  0  0  
30.2001  0  0  0  0  0  0  0  
30.2201  0  0  0  0  0  0  0  
30.2401  0  0  0  0  0  0  0  
30.2601  0  0  0  0  0  0  0  
30.2801  0  0  0  0  0  0  0  
30.3001  0  0  0  0  0  0  0  
30.3201  0  0  0  0  0  0  0  
30.3401  0  0  0  0  0  0  0  
30.3601  0  0  0  0  0  0  0  
30.3801  0  0  0  0  0  0  0  
30.4001  0  0  0  0  0  0  0  
30.4201  0  0  0  0  0  0  0  
30.4401  0  0  0  0  0  0  0  
30.4601  0  0  0  0  0  0  0  
30.4801  0  0  0  0  0  0  0  
30.5001  0  0  0  0  0  0  0  
30.5201  0  0  0  0  0  0  0  
30.5401  0  0  0  0  0  0  0  
30.5601  0  0  0  0  0  0  0  
30.5801  0  0  0  0  0  0  0  
30.6001  0  0  0  0  0  0  0  
30.6201  0  0  0  0  0  0  0  
30.6401  0  0  0  0  0  0  0  
30.6601  0  0  0  0  0  0  0  
30.6801  0  0  0  0  0  0  0  
30.7001  0  0  0  0  0  0  0  
30.7202  0  0  0  0  0  0  0  
30.7401  0  0  0  0  0  0  0  
30.7601  0  0  0  0  0  0  0  
30.7801  0  0  0  0  0  0  0  
30.8001  0  0  0  0  0  0  0  
30.8201  0  0  0  0  0  0  0  
30.8401  0  0  0  0  0  0  0  
30.8601  0  0  0  0  0  0  0  
30.8801  0  0  0  0  0  0  0  
30.9001  0  0  0  0  0  0  0  
30.9201  0  0  0  0  0  0  0  
30.9401  0  0  0  0  0  0  0  
30.9601  0  0  0  0  0  0  0  
30.9801  0  0  0  0  0  0  0  
31.0001  0  0  0  0  0  0  0  
31.0201  0  0  0  0  0  0  0  
31.0401  0  0  0  0  0  0  0  
31.0601  0  0  0  0  0  0  0  
31.0801  0  0  0  0  0  0  0  
31.1001  0  0  0  0  0  0  0  
31.1201  0  0  0  0  0  0  0  
31.1401  0  0  0  0  0  0  0  
31.1601  0  0  0  0  0  0  0  
31.1801  0  0  0  0  0  0  0  
31.2001  0  0  0  0  0  0  0  
31.2201  0  0  0  0  0  0  0  
31.2401  0  0  0  0  0  0  0  
31.2601  0  0  0  0  0  0  0  
31.2801  0  0  0  0  0  0  0  
31.3001  0  0  0  0  0  0  0  
31.3201  0  0  0  0  0  0  0  
31.3401  0  0  0  0  0  0  0  
31.3601  0  0  0  0  0  0  0  
31.3801  0  0  0  0  0  0  0  
31.4001  0  0  0  0  0  0  0  
31.4201  0  0  0  0  0  0  0  
31.4401  0  0  0  0  0  0  0  
31.4601  0  0  0  0  0  0  0  
31.4801  0  0  0  0  0  0  0  
31.5001  0  0  0  0  0  0  0  
31.5201  0  0  0  0  0  0  0  
31.5401  0  0  0  0  0  0  0  
31.5601  0  0  0  0  0  0  0  
31.5801  0  0  0  0  0  0  0  
31.6001  0  0  0  0  0  0  0  
31.6201  0  0  0  0  0  0  0  
31.6401  0  0  0  0  0  0  0  
31.6601  0  0  0  0  0  0  0  
31.6801  0  0  0  0  0  0  0  
31.7001  0  0  0  0  0  0  0  
31.7201  0  0  0  0  0  0  0  
31.7401  0  0  0  0  0  0  0  
31.7601  0  0  0  0  0  0  0  
31.7801  0  0  0  0  0  0  0  
31.8001  0  0  0  0  0  0  0  
31.8201  0  0  0  0  0  0  0  
31.8401  0  0  0  0  0  0  0  
31.8601  0  0  0  0  0  0  0  
31.8801  0  0  0  0  0  0  0  
31.9001  0  0  0  0  0  0  0  
31.9201  0  0  0  0  0  0  0  
31.9401  0  0  0  0  0  0  0  
31.9601  0  0  0  0  0  0  0  
31.9801  0  0  0  0  0  0  0  
32.0001  0  0  0  0  0  0  0  
32.0201  0  0  0  0  0  0  0  
32.0401  0  0  0  0  0  0  0  
32.0601  0  0  0  0  0  0  0  
32.0801  0  0  0  0  0  0  0  
32.1001  0  0  0  0  0  0  0  
32.1201  0  0  0  0  0  0  0  
32.1401  0  0  0  0  0  0  0  
32.1601  0  0  0  0  0  0  0  
32.1801  0  0  0  0  0  0  0  
32.2001  0  0  0  0  0  0  0  
32.2201  0  0  0  0  0  0  0  
32.2401  0  0  0  0  0  0  0  
32.2601  0  0  0  0  0  0  0  
32.2801  0  0  0  0  0  0  0  
32.3001  0  0  0  0  0  0  0  
32.3201  0  0  0  0  0  0  0  
32.3401  0  0  0  0  0  0  0  
32.3601  0  0  0  0  0  0  0  
32.3801  0  0  0  0  0  0  0  
32.4001  0  0  0  0  0  0  0  
32.4201  0  0  0  0  0  0  0  
32.4401  0  0  0  0  0  0  0  
32.4601  0  0  0  0  0  0  0  
32.4801  0  0  0  0  0  0  0  
32.5001  0  0  0  0  0  0  0  
32.5201  0  0  0  0  0  0  0  
32.5401  0  0  0  0  0  0  0  
32.5601  0  0  0  0  0  0  0  
32.5801  0  0  0  0  0  0  0  
32.6001  0  0  0  0  0  0  0  
32.6201  0  0  0  0  0  0  0  
32.6401  0  0  0  0  0  0  0  
32.6601  0  0  0  0  0  0  0  
32.6801  0  0  0  0  0  0  0  
32.7001  0  0  0  0  0  0  0  
32.7201  0  0  0  0  0  0  0  
32.7401  0  0  0  0  0  0  0  
32.7601  0  0  0  0  0  0  0  
32.7801  0  0  0  0  0  0  0  
32.8001  0  0  0  0  0  0  0  
32.8201  0  0  0  0  0  0  0  
32.8401  0  0  0  0  0  0  0  
32.8601  0  0  0  0  0  0  0  
32.8801  0  0  0  0  0  0  0  
32.9001  0  0  0  0  0  0  0  
32.9201  0  0  0  0  0  0  0  
32.9401  0  0  0  0  0  0  0  
32.9601  0  0  0  0  0  0  0  
32.9801  0  0  0  0  0  0  0  
33.0001  0  0  0  0  0  0  0  
33.0201  0  0  0  0  0  0  0  
33.0401  0  0  0  0  0  0  0  
33.0601  0  0  0  0  0  0  0  
33.0801  0  0  0  0  0  0  0  
33.1001  0  0  0  0  0  0  0  
33.1201  0  0  0  0  0  0  0  
33.1401  0  0  0  0  0  0  0  
33.1601  0  0  0  0  0  0  0  
33.1801  0  0  0  0  0  0  0  
33.2001  0  0  0  0  0  0  0  
33.2201  0  0  0  0  0  0  0  
33.2401  0  0  0  0  0  0  0  
33.2601  0  0  0  0  0  0  0  
33.2801  0  0  0  0  0  0  0  
33.3001  0  0  0  0  0  0  0  
33.3201  0  0  0  0  0  0  0  
33.3401  0  0  0  0  0  0  0  
33.3601  0  0  0  0  0  0  0  
33.3801  0  0  0  0  0  0  0  
33.4001  0  0  0  0  0  0  0  
33.4201  0  0  0  0  0  0  0  
33.4401  0  0  0  0  0  0  0  
33.4601  0  0  0  0  0  0  0  
33.4801  0  0  0  0  0  0  0  
33.5001  0  0  0  0  0  0  0  
33.5201  0  0  0  0  0  0  0  
33.5401  0  0  0  0  0  0  0  
33.5601  0  0  0  0  0  0  0  
33.5801  0  0  0  0  0  0  0  
33.6001  0  0  0  0  0  0  0  
33.6201  0  0  0  0  0  0  0  
33.6401  0  0  0  0  0  0  0  
33.6601  0  0  0  0  0  0  0  
33.6801  0  0  0  0  0  0  0  
33.7001  0  0  0  0  0  0  0  
33.7201  0  0  0  0  0  0  0  
33.7401  0  0  0  0  0  0  0  
33.7601  0  0  0  0  0  0  0  
33.7801  0  0  0  0  0  0  0  
33.8001  0  0  0  0  0  0  0  
33.8201  0  0  0  0  0  0  0  
33.8401  0  0  0  0  0  0  0  
33.8601  0  0  0  0  0  0  0  
33.8801  0  0  0  0  0  0  0  
33.9001  0  0  0  0  0  0  0  
33.9201  0  0  0  0  0  0  0  
33.9401  0  0  0  0  0  0  0  
33.9601  0  0  0  0  0  0  0  
33.9801  0  0  0  0  0  0  0  
34.0001  0  0  0  0  0  0  0  
34.0201  0  0  0  0  0  0  0  
34.0401  0  0  0  0  0  0  0  
34.0601  0  0  0  0  0  0  0  
34.0801  0  0  0  0  0  0  0  
34.1001  0  0  0  0  0  0  0  
34.1201  0  0  0  0  0  0  0  
34.1401  0  0  0  0  0  0  0  
34.1601  0  0  0  0  0  0  0  
34.1801  0  0  0  0  0  0  0  
34.2001  0  0  0  0  0  0  0  
34.2201  0  0  0  0  0  0  0  
34.2401  0  0  0  0  0  0  0  
34.2601  0  0  0  0  0  0  0  
34.2801  0  0  0  0  0  0  0  
34.3001  0  0  0  0  0  0  0  
34.3201  0  0  0  0  0  0  0  
34.3401  0  0  0  0  0  0  0  
34.3601  0  0  0  0  0  0  0  
34.3801  0  0  0  0  0  0  0  
34.4001  0  0  0  0  0  0  0  
34.4201  0  0  0  0  0  0  0  
34.4401  0  0  0  0  0  0  0  
34.4601  0  0  0  0  0  0  0  
34.4801  0  0  0  0  0  0  0  
34.5001  0  0  0  0  0  0  0  
34.5201  0  0  0  0  0  0  0  
34.5401  0  0  0  0  0  0  0  
34.5601  0  0  0  0  0  0  0  
34.5801  0  0  0  0  0  0  0  
34.6001  0  0  0  0  0  0  0  
34.6201  0  0  0  0  0  0  0  
34.6401  0  0  0  0  0  0  0  
34.6601  0  0  0  0  0  0  0  
34.6801  0  0  0  0  0  0  0  
34.7001  0  0  0  0  0  0  0  
34.7201  0  0  0  0  0  0  0  
34.7401  0  0  0  0  0  0  0  
34.7601  0  0  0  0  0  0  0  
34.7801  0  0  0  0  0  0  0  
34.8001  0  0  0  0  0  0  0  
34.8201  0  0  0  0  0  0  0  
34.8401  0  0  0  0  0  0  0  
34.8601  0  0  0  0  0  0  0  
34.8801  0  0  0  0  0  0  0  
34.9001  0  0  0  0  0  0  0  
34.9201  0  0  0  0  0  0  0  
34.9401  0  0  0  0  0  0  0  
34.9601  0  0  0  0  0  0  0  
34.9801  0  0  0  0  0  0  0  
35.0001  0  0  0  0  0  0  0  
35.0201  0  0  0  0  0  0  0  
35.0401  0  0  0  0  0  0  0  
35.0601  0  0  0  0  0  0  0  
35.0801  0  0  0  0  0  0  0  
35.1001  0  0  0  0  0  0  0  
35.1201  0  0  0  0  0  0  0  
35.1402  0  0  0  0  0  0  0  
35.1601  0  0  0  0  0  0  0  
35.1801  0  0  0  0  0  0  0  
35.2001  0  0  0  0  0  0  0  
35.2201  0  0  0  0  0  0  0  
35.2402  0  0  0  0  0  0  0  
35.2601  0  0  0  0  0  0  0  
35.2801  0  0  0  0  0  0  0  
35.3001  0  0  0  0  0  0  0  
35.3201  0  0  0  0  0  0  0  
35.3401  0  0  0  0  0  0  0  
35.3601  0  0  0  0  0  0  0  
35.3801  0  0  0  0  0  0  0  
35.4001  0  0  0  0  0  0  0  
35.4201  0  0  0  0  0  0  0  
35.4401  0  0  0  0  0  0  0  
35.4601  0  0  0  0  0  0  0  
35.4801  0  0  0  0  0  0  0  
35.5001  0  0  0  0  0  0  0  
35.5201  0  0  0  0  0  0  0  
35.5401  0  0  0  0  0  0  0  
35.5601  0  0  0  0  0  0  0  
35.5801  0  0  0  0  0  0  0  
35.6001  0  0  0  0  0  0  0  
35.6201  0  0  0  0  0  0  0  
35.6401  0  0  0  0  0  0  0  
35.6601  0  0  0  0  0  0  0  
35.6801  0  0  0  0  0  0  0  
35.7001  0  0  0  0  0  0  0  
35.7201  0  0  0  0  0  0  0  
35.7401  0  0  0  0  0  0  0  
35.7601  0  0  0  0  0  0  0  
35.7801  0  0  0  0  0  0  0  
35.8001  0  0  0  0  0  0  0  
35.8201  0  0  0  0  0  0  0  
35.8401  0  0  0  0  0  0  0  
35.8601  0  0  0  0  0  0  0  
35.8801  0  0  0  0  0  0  0  
35.9001  0  0  0  0  0  0  0  
35.9201  0  0  0  0  0  0  0  
35.9401  0  0  0  0  0  0  0  
35.9601  0  0  0  0  0  0  0  
35.9801  0  0  0  0  0  0  0  
36.0001  0  0  0  0  0  0  0  
36.0201  0  0  0  0  0  0  0  
36.0401  0  0  0  0  0  0  0  
36.0601  0  0  0  0  0  0  0  
36.0801  0  0  0  0  0  0  0  
36.1001  0  0  0  0  0  0  0  
36.1202  0  0  0  0  0  0  0  
36.1407  0  0  0  0  0  0  0  
36.1601  0  0  0  0  0  0  0  
36.1801  0  0  0  0  0  0  0  
36.2001  0  0  0  0  0  0  0  
36.2201  0  0  0  0  0  0  0  
36.2401  0  0  0  0  0  0  0  
36.2601  0  0  0  0  0  0  0  
36.2814  0  0  0  0  0  0  0  
36.3001  0  0  0  0  0  0  0  
36.3201  0  0  0  0  0  0  0  
36.3402  0  0  0  0  0  0  0  
36.3601  0  0  0  0  0  0  0  
36.3801  0  0  0  0  0  0  0  
36.4001  0  0  0  0  0  0  0  
36.4201  0  0  0  0  0  0  0  
36.4401  0  0  0  0  0  0  0  
36.4601  0  0  0  0  0  0  0  
36.4801  0  0  0  0  0  0  0  
36.5001  0  0  0  0  0  0  0  
36.5201  0  0  0  0  0  0  0  
36.5401  0  0  0  0  0  0  0  
36.5601  0  0  0  0  0  0  0  
36.5801  0  0  0  0  0  0  0  
36.6002  0  0  0  0  0  0  0  
36.6201  0  0  0  0  0  0  0  
36.6401  0  0  0  0  0  0  0  
36.6601  0  0  0  0  0  0  0  
36.6801  0  0  0  0  0  0  0  
36.7001  0  0  0  0  0  0  0  
36.7201  0  0  0  0  0  0  0  
36.7401  0  0  0  0  0  0  0  
36.7601  0  0  0  0  0  0  0  
36.7801  0  0  0  0  0  0  0  
36.8001  0  0  0  0  0  0  0  
36.8201  0  0  0  0  0  0  0  
36.8401  0  0  0  0  0  0  0  
36.8601  0  0  0  0  0  0  0  
36.8801  0  0  0  0  0  0  0  
36.9002  0  0  0  0  0  0  0  
36.9201  0  0  0  0  0  0  0  
36.9401  0  0  0  0  0  0  0  
36.9601  0  0  0  0  0  0  0  
36.9801  0  0  0  0  0  0  0  
37.0001  0  0  0  0  0  0  0  
37.0201  0  0  0  0  0  0  0  
37.0401  0  0  0  0  0  0  0  
37.0601  0  0  0  0  0  0  0  
37.0801  0  0  0  0  0  0  0  
37.1001  0  0  0  0  0  0  0  
37.1201  0  0  0  0  0  0  0  
37.1401  0  0  0  0  0  0  0  
37.1601  0  0  0  0  0  0  0  
37.1801  0  0  0  0  0  0  0  
37.2001  0  0  0  0  0  0  0  
37.2201  0  0  0  0  0  0  0  
37.2401  0  0  0  0  0  0  0  
37.2601  0  0  0  0  0  0  0  
37.2802  0  0  0  0  0  0  0  
37.3001  0  0  0  0  0  0  0  
37.3201  0  0  0  0  0  0  0  
37.3401  0  0  0  0  0  0  0  
37.3601  0  0  0  0  0  0  0  
37.3801  0  0  0  0  0  0  0  
37.4001  0  0  0  0  0  0  0  
37.4201  0  0  0  0  0  0  0  
37.4402  0  0  0  0  0  0  0  
37.4601  0  0  0  0  0  0  0  
37.4801  0  0  0  0  0  0  0  
37.5001  0  0  0  0  0  0  0  
37.5201  0  0  0  0  0  0  0  
37.5401  0  0  0  0  0  0  0  
37.5601  0  0  0  0  0  0  0  
37.5801  0  0  0  0  0  0  0  
37.6001  0  0  0  0  0  0  0  
37.6201  0  0  0  0  0  0  0  
37.6401  0  0  0  0  0  0  0  
37.6601  0  0  0  0  0  0  0  
37.6801  0  0  0  0  0  0  0  
37.7001  0  0  0  0  0  0  0  
37.7201  0  0  0  0  0  0  0  
37.7401  0  0  0  0  0  0  0  
37.7601  0  0  0  0  0  0  0  
37.7801  0  0  0  0  0  0  0  
37.8002  0  0  0  0  0  0  0  
37.8201  0  0  0  0  0  0  0  
37.8401  0  0  0  0  0  0  0  
37.8601  0  0  0  0  0  0  0  
37.8801  0  0  0  0  0  0  0  
37.9001  0  0  0  0  0  0  0  
37.9201  0  0  0  0  0  0  0  
37.9401  0  0  0  0  0  0  0  
37.9601  0  0  0  0  0  0  0  
37.9801  0  0  0  0  0  0  0  
38.0001  0  0  0  0  0  0  0  
38.0201  0  0  0  0  0  0  0  
38.0401  0  0  0  0  0  0  0  
38.0601  0  0  0  0  0  0  0  
38.0802  0  0  0  0  0  0  0  
38.1001  0  0  0  0  0  0  0  
38.1201  0  0  0  0  0  0  0  
38.1402  0  0  0  0  0  0  0  
38.1623  0  0  0  0  0  0  0  
38.1801  0  0  0  0  0  0  0  
38.2001  0  0  0  0  0  0  0  
38.2201  0  0  0  0  0  0  0  
38.2401  0  0  0  0  0  0  0  
38.2601  0  0  0  0  0  0  0  
38.2801  0  0  0  0  0  0  0  
38.3001  0  0  0  0  0  0  0  
38.3201  0  0  0  0  0  0  0  
38.3401  0  0  0  0  0  0  0  
38.3601  0  0  0  0  0  0  0  
38.3801  0  0  0  0  0  0  0  
38.4001  0  0  0  0  0  0  0  
38.4201  0  0  0  0  0  0  0  
38.4401  0  0  0  0  0  0  0  
38.4601  0  0  0  0  0  0  0  
38.4801  0  0  0  0  0  0  0  
38.5001  0  0  0  0  0  0  0  
38.5201  0  0  0  0  0  0  0  
38.5401  0  0  0  0  0  0  0  
38.5601  0  0  0  0  0  0  0  
38.5801  0  0  0  0  0  0  0  
38.6001  0  0  0  0  0  0  0  
38.6201  0  0  0  0  0  0  0  
38.6401  0  0  0  0  0  0  0  
38.6601  0  0  0  0  0  0  0  
38.6801  0  0  0  0  0  0  0  
38.7001  0  0  0  0  0  0  0  
38.7201  0  0  0  0  0  0  0  
38.7401  0  0  0  0  0  0  0  
38.7603  0  0  0  0  0  0  0  
38.7801  0  0  0  0  0  0  0  
38.8001  0  0  0  0  0  0  0  
38.8201  0  0  0  0  0  0  0  
38.8401  0  0  0  0  0  0  0  
38.8601  0  0  0  0  0  0  0  
38.8801  0  0  0  0  0  0  0  
38.9001  0  0  0  0  0  0  0  
38.9202  0  0  0  0  0  0  0  
38.9401  0  0  0  0  0  0  0  
38.9601  0  0  0  0  0  0  0  
38.9801  0  0  0  0  0  0  0  
39.0001  0  0  0  0  0  0  0  
39.0201  0  0  0  0  0  0  0  
39.0402  0  0  0  0  0  0  0  
39.0601  0  0  0  0  0  0  0  
39.0801  0  0  0  0  0  0  0  
39.1001  0  0  0  0  0  0  0  
39.1201  0  0  0  0  0  0  0  
39.1401  0  0  0  0  0  0  0  
39.1601  0  0  0  0  0  0  0  
39.1801  0  0  0  0  0  0  0  
39.2001  0  0  0  0  0  0  0  
39.2201  0  0  0  0  0  0  0  
39.2401  0  0  0  0  0  0  0  
39.2601  0  0  0  0  0  0  0  
39.2801  0  0  0  0  0  0  0  
39.3001  0  0  0  0  0  0  0  
39.3201  0  0  0  0  0  0  0  
39.3401  0  0  0  0  0  0  0  
39.3601  0  0  0  0  0  0  0  
39.3801  0  0  0  0  0  0  0  
39.4001  0  0  0  0  0  0  0  
39.4202  0  0  0  0  0  0  0  
39.4401  0  0  0  0  0  0  0  
39.4601  0  0  0  0  0  0  0  
39.4802  0  0  0  0  0  0  0  
39.5001  0  0  0  0  0  0  0  
39.5201  0  0  0  0  0  0  0  
39.5401  0  0  0  0  0  0  0  
39.5601  0  0  0  0  0  0  0  
39.5802  0  0  0  0  0  0  0  
39.6002  0  0  0  0  0  0  0  
39.6202  0  0  0  0  0  0  0  
39.6401  0  0  0  0  0  0  0  
39.6601  0  0  0  0  0  0  0  
39.6802  0  0  0  0  0  0  0  
39.7004  0  0  0  0  0  0  0  
39.7201  0  0  0  0  0  0  0  
39.7403  0  0  0  0  0  0  0  
39.7601  0  0  0  0  0  0  0  
39.7801  0  0  0  0  0  0  0  
39.8001  0  0  0  0  0  0  0  
39.8201  0  0  0  0  0  0  0  
39.8401  0  0  0  0  0  0  0  
39.8601  0  0  0  0  0  0  0  
39.8801  0  0  0  0  0  0  0  
39.9001  0  0  0  0  0  0  0  
39.9202  0  0  0  0  0  0  0  
39.9401  0  0  0  0  0  0  0  
39.9602  0  0  0  0  0  0  0  
39.9802  0  0  0  0  0  0  0  
40.0001  0  0  0  0  0  0  0  
40.0201  0  0  0  0  0  0  0  
40.0401  0  0  0  0  0  0  0  
40.0601  0  0  0  0  0  0  0  
40.0801  0  0  0  0  0  0  0  
40.1002  0  0  0  0  0  0  0  
40.1201  0  0  0  0  0  0  0  
40.1401  0  0  0  0  0  0  0  
40.1601  0  0  0  0  0  0  0  
40.1801  0  0  0  0  0  0  0  
40.2001  0  0  0  0  0  0  0  
